#####
#####
#####
00000000000000000000000000000000
00000000000000000000000000000000
00000000000000000000000000000000
00000000000000000000000000000000
00000000000000000000000000000000
00000000000000000000000000000000
00000000000000000000000000000000
00001010000000110000000100000000
00001110000000000000000000000000
00000110000000000000000000000000
00000001000000000000000000000000
00000000000000000000000000000000
00000000000000000000000000000000
00000111000000000000000000000000
00000110000000000000000100000000
00000000000000000000000100000000
00000000000000000000001100000000
00000000000000000000000000000000
00000000000000000000000000000000
00000000000000000000001100000000
00000000000000000000011000000000
00000000000000000000010100000000
00000000000000000000011000000000
00000000000000000000000000000000
00000000000000000000000000000000
00000010000000000000001000000000
00000000000000000000001100000000
00000000000000000000001100000000
00000000000000000000001100000000
00000000000000000000000000000000
00000000000000000000000000000000
00000000000000000000000000000000
00000000000000000000000000000000
00000000000000000000000000000000
00000000000000000000000000000000
00000000000000000000000000000000
