#####
#####
#####
1111111111101010 1111111110100111 1111111111100101 1111111101101100 0000000011000110 1111111110110110 0000000001011100 1111111111011111 
1111111111101010 1111111101100000 0000000000110101 1111111110011001 0000000010010110 1111111100011111 0000000000000000 1111111111101111 
0000000000011010 1111111110000010 0000000001001001 1111111111100000 0000000001011011 1111111101001101 1111111110011101 1111111111110101 
1111111111101101 1111111111010100 0000000000010110 0000000000000001 0000000000011111 1111111110110011 1111111111100111 0000000000000011 
0000000000001101 1111111101001011 0000000000101100 0000000000010011 0000000010110111 1111111111110011 0000000010111100 1111111110010101 
1111111111110111 1111111011100111 0000000011010110 0000000001111011 0000000010001011 1111111110111101 0000000010000000 1111111110001110 
0000000000010001 1111111100010100 0000000011010011 0000000010100011 0000000000011001 1111111111010011 1111111111110101 1111111110010110 
1111111111100011 1111111110100011 0000000001101011 0000000001011111 1111111111101001 1111111110100001 0000000000011000 1111111111101000 
1111111111010101 1111111101110110 0000000001011001 0000000000110101 0000000001011000 0000000000011111 0000000000011001 1111111110111000 
1111111111110101 1111111100111011 0000000011011101 0000000001110110 0000000000100010 1111111111010111 1111111111111010 1111111110111000 
0000000000001010 1111111101010010 0000000010111010 0000000001100110 0000000000000111 1111111110110111 1111111111110000 1111111111000010 
1111111111110000 1111111110111000 0000000001011111 0000000000110010 1111111111110111 1111111110000101 0000000000010011 1111111111111110 
1111111111101111 1111111110011000 0000000000011111 1111111111101000 0000000000000101 1111111111100100 0000000000000101 1111111111100110 
1111111111111101 1111111110000010 0000000000101001 1111111111110011 1111111111101110 1111111111001011 0000000000000010 1111111111100011 
0000000000000110 1111111110000110 0000000000111011 1111111111111011 1111111111100100 1111111111001110 0000000000101001 1111111111100000 
0000000000001101 1111111110111111 0000000000101101 0000000000001110 1111111111011100 1111111111001011 0000000000101001 1111111111111010 
