#####
#####
#####
11000011000001110001001011100001
10101001111111111001111111111001
11000101000110011011001111001101
11100110000100011111000101110000
11111100000111111101110100001111
00000001000000001111111100100010
01100000001000110001011100010100
11111100000000001110000000000000
11011100000001010000000001110010
11111011111000010000100100101101
11000111000011110000111000011110
11110001000100111110111101111111
11110111111111101110101111111111
00000100111111111101111101000000
01110111000100010010000101010010
11101101000000011111111100000000
00000010000000010001000001110010
00011110111100010001100100100000
10111001000010100001111011110001
11010000111101001111110011110000
11100001111110110001111100010001
11101111111111111111111000110000
11110100000100100010001001000001
11111100000000000000110100010000
11100000000001011101001100110000
11101100111100001111111100011101
10111111000100000001011111100001
00001101111111000000001001110001
00010100000010010000001101000000
01011001110101001111100100100111
00001001000000001111001111100011
11110000000011110000111100100001
11011110110100001101111001110000
11111011111100101110101100010000
11100111000001000000011111100001
00001101111000001101001101111111
01000111000000110000000000100001
01111001111001100011100100100011
11100111000001110100110111110011
11110001000000001111000101110000
11100000110111101111110100100001
00001110111100010000100100010000
11111001000100100001011100000001
10011001111000001111000100101111
00010111000001110001010010010010
00011111010001000000010100010000
11110100001001000100101000100100
00011110111100010000110100000001
11110100000000101110111011110000
00001101000100001111000000011111
00010100000011100000000000101111
00010001000011110000000101110010
01101101111110110000110100000001
01011001110000110010100100000101
01101001000100000000000111110010
00011111000000100001111100010010
00011001000100001110101110110000
00001111000000010000101100000000
00101001000000110000011101001111
11010000000001011101011100100000
00110001111111010000000100100001
01011111111000110001100100010011
01011111110101000101001111010100
00011111000000011111000101110001
00010111000000000000011110010000
00010000000100010001101100010010
00100100000100000001011110010000
10011011111100011110011100001111
11010010111011010000001010100000
00000000000000110000011000010000
00001001110101100001110101110101
00011111000000010001110100010001
