#####
#####
#####
0000000001001100 0000000011100001 1111111010111011 0000000001101000 1111111100001110 1111111110110111 1111111110000010 0000000000011111 
0000000011001100 0000000100110110 1111110111100000 0000000001000101 1111110111001000 1111111111110101 1111111100001010 0000000010000011 
0000000011110110 0000000101100010 1111110111110111 0000000000101011 1111110110101000 1111111110111100 1111111100010111 0000000001011100 
0000000011010111 0000000010110100 1111111001111110 1111111111100011 1111111000001000 0000000000010010 1111111100011010 0000000001010111 
1111111100111000 0000000010101100 1111111011110011 1111111111100110 1111111011011001 1111111110010101 1111111111001100 0000000011010011 
1111111100110000 0000000100110011 1111111001000010 1111111111111000 1111110101101101 1111111111000100 1111111101111010 0000000110000000 
1111111101001010 0000000110000110 1111111001001100 1111111111111010 1111110100100100 1111111110110010 1111111101111100 0000000011100111 
1111111111010000 0000000011110110 1111111010010011 1111111111001011 1111110110010001 0000000000001111 1111111101011100 0000000001010111 
1111111101001100 0000000001010011 1111111101010101 1111111111100011 1111111100111110 1111111111000101 0000000000000011 0000000001111100 
1111111101000010 0000000010011110 1111111100010100 0000000000010111 1111111001100011 0000000000000001 0000000000010101 0000000100011011 
1111111100111000 0000000011000100 1111111100101101 0000000000000100 1111111001010000 1111111110111110 1111111111100110 0000000010010101 
1111111110110111 0000000001001010 1111111100100100 1111111111000000 1111111001110001 1111111111011001 1111111110000100 0000000000000011 
1111111111000111 0000000000111101 1111111110110010 0000000000000001 1111111110101001 1111111111001010 1111111111110001 0000000001011101 
1111111110101000 0000000001100100 1111111110011101 0000000000001101 1111111101001101 1111111110111110 1111111111101001 0000000010111010 
1111111110011100 0000000001000111 1111111110011111 1111111111111100 1111111100110010 1111111110011000 1111111111101000 0000000001110111 
1111111111010110 1111111111111100 1111111110011101 1111111111010100 1111111100110101 1111111110110101 1111111110110010 0000000000100010 
