#####
#####
#####
01000010010011010000000001000100
00100001001110111111010100010001
00000010111111101101111100010001
00100001110111101100010000010011
00101001001010011001100100110100
00110010111011100000001000010010
00010001001111110001000100010001
00100001101111110010001100100010
00100010000011001100111100010011
01000000000011100000000100010010
00010000111011111010100100010001
00110000111011101100110000010011
00011010000010011001100100010010
00100001111010101111111100000010
00010001011100010010111000000001
00010001000001010011011000010001
00000001110110011001110100000010
01010000000000011110010000010011
00111111111100100000000000010001
00100001110000001101000000000010
00010001000000011110111100000010
00110001111111011101110100010011
00100001001100110001001000010010
00010000111101111001111000010000
01000010001111110011011100110011
01000000001101111111000100100010
00010001000010011100101100010000
00010001111011111011001000010001
00111010001010011001100100110100
00100001111100100010111000010010
00100001010010101001110100010010
00100001101111000011011100100010
00010001001000000010011100010011
01001111111001110000111100100010
00100000000011001001100100010010
00100000010100011100110100000010
00011001000010011001100100100010
00100000010111100110101100000011
00101010011110101001100100010010
00100001111000100101011100010010
00000000000110111100010100000011
01000000110001110001010000100011
00111111001011101101110100100010
00010000011101110000001000000011
00000000000000001111111100000001
00110000010100110010100100010011
00110001000000010000001100010010
00010001110101101110110100010001
00110010011111110100011101000011
00110001010001001101110100110011
00010001001011001100101100010001
00010001110011111001001100100001
00101001000110011001100100100010
00100001001001110001011100100011
00010001001000011001010000100010
00010010011010111110000100100010
00110000000000001111011100100011
00110000000101001101110000100011
00010000001011001010100100100010
00100000001111111011000000000010
00011001000110011001100100100010
00100000011100000101000000010011
00110000000100011001100100010010
00100001011111101111000000100010
00100000111010010000001000010011
00110000000001010000011100010010
00100000001011101101111100100011
00111111011101010001001100010011
00000000000100100001000100010000
00110001011100110011101100010011
00110000000000110000000100100011
00010010011111111010110000100011
