#####
#####
#####
00000000000000000000000000000000
00000000000000000000000000000000
00000000000000000000000000000000
00000000000000000000000000000000
00000000000000000000000000000000
00000000000000000000000000000000
00000000000000000000000000000000
00000000000010000010101000000000
00000000000010100011111100000000
00000000000010100000111100000000
00000000000001100000110100000000
00000000000000000000000000000000
00000000000000000000000000000000
00000000000001000101011100000000
00000000000010010110010000000000
00000000000011010000001000000000
00000000000010010000010000000000
00000000000000000000000000000000
00000000000000000000000000000000
00000000000000000011001000000000
00000000000001010011000000000000
00000000000010100000000000000000
00000000000001110000000000000000
00000000000000000000000000000000
00000000000000000000000000000000
00000000000000110000010000000000
00000000000001010000001000000000
00000000000001010000000000000000
00000000000001000000001100000000
00000000000000000000000000000000
00000000000000000000000000000000
00000000000000000000000000000000
00000000000000000000000000000000
00000000000000000000000000000000
00000000000000000000000000000000
00000000000000000000000000000000
