00000000010011000000000011100001000000000000000000000000011010000000000000000000000000000000000000000000000000000000000000011111 
00000000110011000000000100110110000000000000000000000000010001010000000000000000000000000000000000000000000000000000000010000011 
00000000111101100000000101100010000000000000000000000000001010110000000000000000000000000000000000000000000000000000000001011100 
00000000110101110000000010110100000000000000000000000000000000000000000000000000000000000001001000000000000000000000000001010111 
00000000000000000000000010101100000000000000000000000000000000000000000000000000000000000000000000000000000000000000000011010011 
00000000000000000000000100110011000000000000000000000000000000000000000000000000000000000000000000000000000000000000000110000000 
00000000000000000000000110000110000000000000000000000000000000000000000000000000000000000000000000000000000000000000000011100111 
00000000000000000000000011110110000000000000000000000000000000000000000000000000000000000000111100000000000000000000000001010111 
00000000000000000000000001010011000000000000000000000000000000000000000000000000000000000000000000000000000000110000000001111100 
00000000000000000000000010011110000000000000000000000000000101110000000000000000000000000000000100000000000101010000000100011011 
00000000000000000000000011000100000000000000000000000000000001000000000000000000000000000000000000000000000000000000000010010101 
00000000000000000000000001001010000000000000000000000000000000000000000000000000000000000000000000000000000000000000000000000011 
00000000000000000000000000111101000000000000000000000000000000010000000000000000000000000000000000000000000000000000000001011101 
00000000000000000000000001100100000000000000000000000000000011010000000000000000000000000000000000000000000000000000000010111010 
00000000000000000000000001000111000000000000000000000000000000000000000000000000000000000000000000000000000000000000000001110111 
00000000000000000000000000000000000000000000000000000000000000000000000000000000000000000000000000000000000000000000000000100010 
