#####
#####
#####
1110111111000011100111100010110000100000001010010101110110110111
0010010000111001001111111001001010111100110010011001101101001010
1011101110011111110001011001011101111011011101111110111111010101
1111110100100010110011101001101001111111011100100001100100000111
0111011111010000010000111110001100000111100110010011111101110100
0111011101111011011101110111001000100110011001110100100101110111
0111010111011001000110101001110000010000111110011110111001110000
0011011111111001111011011001001110010001110110011001000001100001
1100000100011001100100010111101001010110001110100111000100110111
0101011100001001000000011010110010111111100110011011110101101001
1001100101000000100111101001010010011001011000001100001010010111
0011000110011111000110011001100110110000011000101001110111100111
0001011100111001110111110111011101110111000010010111111101110000
0111011100000000001110010111000100000100011100110010000001100111
0111011110111001000110101001100101100101010010011001100101111001
0111010011011001011101011001001001111110111010111111100101110011
0001001011111001111010110111110000110111000111100111100101110111
0101011111101001001111110010100100100111110011001110110001111001
0101110001111001011011111001100110101011101110011001110111000111
0111011111001001011110011001100101110111111011011001101001111110
0111011110010111000100100111001001110111011110010111111101101011
0011010110010111011010100011011101110100011110010001011101110100
0010001111011001000011001001101111101110011110010000100100110010
0111011000011001011100011001110101111111101001111001000001111001
1010110001101100100111111100001010010100011110100001100100011011
1111110100011001110111001001001100000000100111100001111000011011
1010101001111001101101110111011100111001011101001001011110011001
1001101010011011101011001001000000011111011001000111111101000111
0111011101111001011111010111000000100111000101110111011101110111
0111011101110111011101110111001101110101000001111101110101110111
1100100111001001100110011001110111001001100110111110000100001110
1011110011101001110011101001011000001110110010011101011100000000
1110001001001001101110011001001001110011011110010111100101110000
0101000011101001001000001111111111111110100111011001100101101010
1001100100111111100101110001011100001001111101111001010010010010
1101110001110100111110011111110110011110100101010111000111000111
0001001100001001111110011111001110010110001011110000011101111001
0010001000000000000110010010001100000111110101111001100101110000
0101000110011001000011001001100111111011100110011001110101101001
0001111101001001010011010001001001111011100101100111011101000111
0111011000011001000110010110100101110111001110010111100101111011
0101011111101010001100100011101100100100100111111110101001111011
0011000101111001001100110101111111011101100110010111100110010001
0111011110010101011110100001100111100111100101110111100101111001
0111011101110001010001110111011110110001000110010111010101110111
0010011100110111010010100110011111110110000110010000111101111111
0010110110011001000111101001100111001001100110011001111000111100
0111010010011111011111101001000001111100100101110100011001111001
1100110011101001111000011101111101000001010011001001111000011011
1001101100101010110100100100001100000010110101000011111111100001
1110110101111001111011010110011100000010011111011011101011110111
1011101111011110100110110000100101110010001011110111111000110111
0111010111010010010011010001011110010101100101111001000101110111
0111010101111001011101110001110101010010010100010111110001111011
1001100111111001100111110001000110101111100111010000000010101111
1100101010011110100110110011001000000000001001010111001100100101
0000101100011001110011000000000001111110100110110010110101111101
0010000000001001001100010010111011101110101001000010101101001110
1001100101111111100100101001011100011011111001110111000010111001
1110111001000000000111010110100101110001111000010111011000010111
1111001110010111111010010100011100010001100101110111100101110000
0101001011010011001110010111110111110111011110010111100101111101
1111111111011001010100001111101010111100100110111110110111101001
1110101110011011000001011111011100000000001001110111011111010111
0111011100001001011100101111100101110110100110010111101001111001
0110010000001001010000100010000011101111110100000001111001111110
0101001001111111010001000100011100011100100100000111100100000011
0111011110010111011100100000100101110111100101101001010001110010
0111011111110111011110110110011110011110100110110111011101110111
0100011001110111011000110111011101110110011111100111000101110101
1111110111011001000000101100101011001011100111011110001111101011
0101001011101001001001000001111100000001111000101111010100111110
