#####
#####
#####
0000000000000000000000000000000000000000000000000000000000000000
0000000000000000000000000000000000000000000000000000000000000000
0000000000000000000000000000000000000000000000000000000000000000
0000000000000000000000000000000000000000000000000000000000000000
0000000000000000000000000000000000000000000000000000000000000000
0000000000000000000000000000000000000000000000000000000000000000
0000000000000000000000000000000000000000000000000000000000000000
0000000000110011000000110101001000000000000000000101000100000000
0000000001010110000000100111000000000000000000000101000000000000
0000000001010111000001000101000100000000000000110001000000000000
0000000001010111000000110111001000000000001000000001000100000000
0000000000000000000000000000000000000000000000000000000000000000
0000000000000000000000000000000000000000000000000000000000000000
0000000000000100000000000001000000100000001000000010000000000000
0000000000000111000000000100000000000000000000000011000000000000
0000000000001000000000000000000000000000000000010000000000000000
0000000000111000000000000101001000000000000100000001000100000000
0000000000000000000000000000000000000000000000000000000000000000
0000000000000000000000000000000000000000000000000000000000000000
0000000000000100000000000011000000010000000100000100000000000000
0000000000000110000000000100000000000000000000010101000000000000
0000000000000110000000000000000000000000000000010000000000000000
0000000000010110000000000010000000000000000100000111001000000000
0000000000000000000000000000000000000000000000000000000000000000
0000000000000000000000000000000000000000000000000000000000000000
0000000000000000000000000011001001010000001100000101000100000010
0000000000000000000000000001000000010000000100000101000000000010
0000000000000000000000000000000000010000000100000000000000000000
0000000000000001000000000000000000000000001000000110000000000011
0000000000000000000000000000000000000000000000000000000000000000
0000000000000000000000000000000000000000000000000000000000000000
0000000000000000000000000000000000000000000000000000000000000000
0000000000000000000000000000000000000000000000000000000000000000
0000000000000000000000000000000000000000000000000000000000000000
0000000000000000000000000000000000000000000000000000000000000000
0000000000000000000000000000000000000000000000000000000000000000
