#####
#####
#####
1111111110100100 1111111001001110 0000000010110111 0000000011101001 0000000001111000 0000000001110011 1111111101001001 1111111111000001 
1111111101010111 1111110110100010 0000000011101110 0000000011001111 0000000010011101 0000000000000101 1111111011010100 1111111011111001 
1111111011010011 1111110101001110 0000000101101001 0000000100100101 1111111111000110 0000000001100000 1111111010100110 1111111010000110 
1111111100111110 1111111000011000 0000000010001111 0000000000111110 1111111111000111 0000000000101100 1111111011011000 1111111100010001 
1111111100001001 1111110111100000 0000000100010000 0000000101010010 1111111101011001 1111111110010000 1111111011101000 0000000000100100 
1111111010101111 1111110011111011 0000000101000010 0000000010100011 1111111110010101 1111111011001111 1111111000001010 1111111011111110 
1111110111001010 1111110010011100 0000000111011010 0000000011111111 1111111011010011 1111111011100101 1111110111001000 1111111011001101 
1111111011010000 1111110110000110 0000000011100100 1111111111111111 1111111110110111 1111111110100001 1111111001001011 1111111100111001 
1111111110111110 1111111001010110 0000000011110010 0000000011010010 0000000000100111 1111111110101001 1111111100001100 0000000000101111 
1111111101110000 1111110111110011 0000000100001011 1111111111100111 0000000010001101 1111111101101001 1111111010010000 1111111101011101 
1111111010011001 1111110110110101 0000000101001100 0000000001110001 1111111110111110 1111111101110000 1111111001011111 1111111101010110 
1111111101111010 1111111001010000 0000000000111100 1111111111010111 0000000000110011 1111111110111010 1111111010100100 1111111111001100 
1111111110111010 1111111011000010 0000000000110101 0000000010010001 1111111101011110 1111111101111101 1111111100010111 0000000010011100 
1111111101001011 1111111010001010 0000000001111011 0000000001110010 1111111111100000 1111111110000000 1111111010110010 0000000000011111 
1111111011001101 1111111011000011 0000000001110001 0000000010101110 1111111110100111 1111111101100101 1111111011010011 0000000000100010 
1111111110100011 1111111011111000 1111111111100011 1111111111111010 1111111111111110 1111111111001000 1111111100010001 0000000001010111 
